100 1 0 18446744073709551615 100 0 0 0 18446744073709551615 100 0 0 "group #100"
101 1 0 18446744073709551615 100 0 0 0 18446744073709551615 100 0 0 "group #101"
102 1 0 18446744073709551615 100 0 0 0 18446744073709551615 100 0 0 "group #102"
103 1 0 18446744073709551615 100 0 0 0 3063419910 0 0 0 "group #103"
104 1 0 18446744073709551615 100 0 0 0 30844711776 0 0 0 "group #104"
105 2 0 18446744073709551615 100 0 0 0 5373081285 0 0 0 "group #105"
106 2 0 18446744073709551615 100 0 0 0 50179787520 0 0 0 "group #106"
107 2 0 18446744073709551615 100 0 0 0 18446744073709551615 100 0 0 "group #107"
108 2 0 18446744073709551615 100 0 0 0 32270849853 0 0 0 "group #108"
109 2 0 18446744073709551615 100 0 0 0 18446744073709551615 100 0 0 "group #109"
110 3 0 18446744073709551615 100 0 0 0 32640680248 0 0 0 "group #110"
111 3 0 431226019 95 0 0 0 18446744073709551615 100 0 0 "group #111"
112 3 0 18446744073709551615 100 0 0 0 18446744073709551615 100 0 0 "group #112"
113 3 0 18446744073709551615 100 0 0 0 18446744073709551615 100 0 0 "group #113"
114 3 0 1855894183 111 0 0 0 18446744073709551615 100 0 0 "group #114"
115 3 0 18446744073709551615 100 0 0 0 18446744073709551615 100 0 0 "group #115"
116 3 0 18446744073709551615 100 0 0 0 18446744073709551615 100 0 0 "group #116"
117 3 0 18446744073709551615 100 0 0 0 30975590030 0 0 0 "group #117"
118 4 0 18446744073709551615 100 0 0 0 11873440458 0 0 0 "group #118"
119 4 0 18446744073709551615 100 0 0 0 18446744073709551615 100 0 0 "group #119"
120 5 0 992285952 78 0 0 0 18446744073709551615 100 0 0 "group #120"
