100 1 0 1581585721 96 0 0 0 18446744073709551615 100 0 0 "group #100"
101 1 0 18446744073709551615 100 0 0 0 33612199675 0 0 0 "group #101"
102 1 0 18446744073709551615 100 0 0 0 18446744073709551615 100 0 0 "group #102"
103 1 0 18446744073709551615 100 0 0 0 18446744073709551615 100 0 0 "group #103"
104 1 0 18446744073709551615 100 0 0 0 18446744073709551615 100 0 0 "group #104"
105 1 0 18446744073709551615 100 0 0 0 18446744073709551615 100 0 0 "group #105"
106 1 0 18446744073709551615 100 0 0 0 18446744073709551615 100 0 0 "group #106"
107 1 0 18446744073709551615 100 0 0 0 18446744073709551615 100 0 0 "group #107"
108 1 0 18446744073709551615 100 0 0 0 18446744073709551615 100 0 0 "group #108"
109 2 0 18446744073709551615 100 0 0 0 18446744073709551615 100 0 0 "group #109"
110 2 0 1969194249 104 0 0 0 49229856225 104 0 0 "group #110"
111 2 0 1523710470 97 0 0 0 18446744073709551615 100 0 0 "group #111"
112 2 0 18446744073709551615 100 0 0 0 31354489852 0 0 0 "group #112"
113 2 0 18446744073709551615 100 0 0 0 18446744073709551615 100 0 0 "group #113"
114 2 0 18446744073709551615 100 0 0 0 18446744073709551615 100 0 0 "group #114"
115 2 0 18446744073709551615 100 0 0 0 18446744073709551615 100 0 0 "group #115"
116 3 0 18446744073709551615 100 0 0 0 18446744073709551615 100 0 0 "group #116"
117 3 0 1994640797 105 0 0 0 67817787098 105 0 0 "group #117"
118 3 0 18446744073709551615 100 0 0 0 18446744073709551615 100 0 0 "group #118"
119 4 0 18446744073709551615 100 0 0 0 18446744073709551615 100 0 0 "group #119"
120 4 0 18446744073709551615 100 0 0 0 18446744073709551615 100 0 0 "group #120"
121 4 0 18446744073709551615 100 0 0 0 18446744073709551615 100 0 0 "group #121"
122 5 0 18446744073709551615 100 0 0 0 18446744073709551615 100 0 0 "group #122"
123 5 0 18446744073709551615 100 0 0 0 18446744073709551615 100 0 0 "group #123"
124 5 0 18446744073709551615 100 0 0 0 18446744073709551615 100 0 0 "group #124"
125 5 0 262811320 75 0 0 0 18446744073709551615 100 0 0 "group #125"
