899101000000100000 900000000000033 113 0 18446744073709551615 100 0 0 0 18446744073709551615 100 0 0
899101000000100001 900000000000062 104 0 18446744073709551615 100 0 0 0 18446744073709551615 100 0 0
899101000000100002 900000000000043 117 0 7405959 99 0 0 0 18446744073709551615 100 0 0
899101000000100003 900000000000035 111 0 18446744073709551615 100 0 0 0 18446744073709551615 100 0 0
899101000000100004 900000000000049 105 0 18446744073709551615 100 0 0 0 18446744073709551615 100 0 0
899101000000100005 900000000000032 119 0 18446744073709551615 100 0 0 0 18446744073709551615 100 0 0
899101000000100006 900000000000048 121 0 9501622 107 0 0 0 18446744073709551615 100 0 0
899101000000100007 900000000000060 124 0 18446744073709551615 100 0 0 0 18446744073709551615 100 0 0
899101000000100008 900000000000000 102 0 18446744073709551615 100 0 0 0 18446744073709551615 100 0 0
899101000000100009 900000000000085 122 0 18446744073709551615 100 0 0 0 128274060 0 0 0
899101000000100010 900000000000080 109 0 18446744073709551615 100 0 0 0 18446744073709551615 100 0 0
899101000000100011 900000000000047 108 0 18446744073709551615 100 0 0 0 18446744073709551615 100 0 0
899101000000100012 900000000000001 109 0 10889351 76 0 0 0 18446744073709551615 100 0 0
899101000000100013 900000000000090 118 0 18446744073709551615 100 0 0 0 18446744073709551615 100 0 0
899101000000100014 900000000000045 125 0 18446744073709551615 100 0 0 0 18446744073709551615 100 0 0
899101000000100015 900000000000064 106 0 18446744073709551615 100 0 0 0 198229985 0 0 0
899101000000100016 900000000000036 107 0 18446744073709551615 100 0 0 0 18446744073709551615 100 0 0
899101000000100017 900000000000042 104 0 18446744073709551615 100 0 0 0 157176464 0 0 0
899101000000100018 900000000000082 122 0 18446744073709551615 100 0 0 0 18446744073709551615 100 0 0
899101000000100019 900000000000099 108 0 18446744073709551615 100 0 0 0 18446744073709551615 100 0 0
899101000000100020 900000000000059 105 0 18446744073709551615 100 0 0 0 159262208 0 0 0
899101000000100021 900000000000095 116 0 18446744073709551615 100 0 0 0 18446744073709551615 100 0 0
899101000000100022 900000000000055 107 0 7692903 74 0 0 0 153858060 74 0 0
899101000000100023 900000000000028 115 0 18446744073709551615 100 0 0 0 18446744073709551615 100 0 0
899101000000100024 900000000000027 119 0 18446744073709551615 100 0 0 0 18446744073709551615 100 0 0
899101000000100025 900000000000061 104 0 18446744073709551615 100 0 0 0 18446744073709551615 100 0 0
899101000000100026 900000000000031 125 0 11295132 119 0 0 0 18446744073709551615 100 0 0
899101000000100027 900000000000069 101 0 10291735 85 0 0 0 18446744073709551615 100 0 0
899101000000100028 900000000000034 125 0 18446744073709551615 100 0 0 0 189420640 0 0 0
899101000000100029 900000000000019 114 0 18446744073709551615 100 0 0 0 18446744073709551615 100 0 0
899101000000100030 900000000000050 123 0 18446744073709551615 100 0 0 0 153478144 0 0 0
899101000000100031 900000000000074 104 0 18446744073709551615 100 0 0 0 18446744073709551615 100 0 0
899101000000100032 900000000000030 118 0 18446744073709551615 100 0 0 0 18446744073709551615 100 0 0
899101000000100033 900000000000057 112 0 8397445 116 0 0 0 176346345 116 0 0
899101000000100034 900000000000051 125 0 18446744073709551615 100 0 0 0 333331499 0 0 0
899101000000100035 900000000000086 113 0 18446744073709551615 100 0 0 0 18446744073709551615 100 0 0
899101000000100036 900000000000067 115 0 7582768 110 0 0 0 128907056 110 0 0
899101000000100037 900000000000071 124 0 10076680 72 0 0 0 18446744073709551615 100 0 0
899101000000100038 900000000000018 125 0 18446744073709551615 100 0 0 0 18446744073709551615 100 0 0
899101000000100039 900000000000003 121 0 18446744073709551615 100 0 0 0 18446744073709551615 100 0 0
899101000000100040 900000000000009 107 0 9910136 108 0 0 0 18446744073709551615 100 0 0
899101000000100041 900000000000052 120 0 8389580 108 0 0 0 18446744073709551615 100 0 0
899101000000100042 900000000000063 115 0 18446744073709551615 100 0 0 0 18446744073709551615 100 0 0
899101000000100043 900000000000088 107 0 18446744073709551615 100 0 0 0 18446744073709551615 100 0 0
899101000000100044 900000000000097 118 0 18446744073709551615 100 0 0 0 18446744073709551615 100 0 0
899101000000100045 900000000000046 114 0 18446744073709551615 100 0 0 0 18446744073709551615 100 0 0
899101000000100046 900000000000021 102 0 18446744073709551615 100 0 0 0 433829935 0 0 0
899101000000100047 900000000000025 112 0 18446744073709551615 100 0 0 0 178430288 0 0 0
899101000000100048 900000000000093 104 0 18446744073709551615 100 0 0 0 212072562 0 0 0
899101000000100049 900000000000006 108 0 8880676 103 0 0 0 18446744073709551615 100 0 0
899101000000100050 900000000000083 123 0 18446744073709551615 100 0 0 0 18446744073709551615 100 0 0
899101000000100051 900000000000022 106 0 18446744073709551615 100 0 0 0 18446744073709551615 100 0 0
899101000000100052 900000000000008 106 0 18446744073709551615 100 0 0 0 245930550 0 0 0
899101000000100053 900000000000020 107 0 18446744073709551615 100 0 0 0 208481522 0 0 0
899101000000100054 900000000000005 103 0 18446744073709551615 100 0 0 0 18446744073709551615 100 0 0
899101000000100055 900000000000078 109 0 18446744073709551615 100 0 0 0 18446744073709551615 100 0 0
899101000000100056 900000000000084 125 0 18446744073709551615 100 0 0 0 18446744073709551615 100 0 0
899101000000100057 900000000000004 122 0 18446744073709551615 100 0 0 0 18446744073709551615 100 0 0
899101000000100058 900000000000015 122 0 18446744073709551615 100 0 0 0 18446744073709551615 100 0 0
899101000000100059 900000000000037 119 0 18446744073709551615 100 0 0 0 18446744073709551615 100 0 0
899101000000100060 900000000000091 123 0 18446744073709551615 100 0 0 0 18446744073709551615 100 0 0
899101000000100061 900000000000054 121 0 18446744073709551615 100 0 0 0 18446744073709551615 100 0 0
899101000000100062 900000000000079 107 0 18446744073709551615 100 0 0 0 18446744073709551615 100 0 0
899101000000100063 900000000000053 107 0 9515240 95 0 0 0 18446744073709551615 100 0 0
899101000000100064 900000000000016 123 0 10543373 100 0 0 0 18446744073709551615 100 0 0
899101000000100065 900000000000066 109 0 18446744073709551615 100 0 0 0 18446744073709551615 100 0 0
899101000000100066 900000000000038 108 0 18446744073709551615 100 0 0 0 130076010 0 0 0
899101000000100067 900000000000075 103 0 18446744073709551615 100 0 0 0 18446744073709551615 100 0 0
899101000000100068 900000000000056 116 0 18446744073709551615 100 0 0 0 18446744073709551615 100 0 0
899101000000100069 900000000000011 100 0 18446744073709551615 100 0 0 0 18446744073709551615 100 0 0
899101000000100070 900000000000040 121 0 18446744073709551615 100 0 0 0 18446744073709551615 100 0 0
899101000000100071 900000000000065 106 0 18446744073709551615 100 0 0 0 18446744073709551615 100 0 0
899101000000100072 900000000000087 110 0 11795394 73 0 0 0 18446744073709551615 100 0 0
899101000000100073 900000000000010 118 0 9431782 118 0 0 0 18446744073709551615 100 0 0
899101000000100074 900000000000024 108 0 18446744073709551615 100 0 0 0 18446744073709551615 100 0 0
899101000000100075 900000000000092 107 0 10506558 106 0 0 0 18446744073709551615 100 0 0
899101000000100076 900000000000013 125 0 18446744073709551615 100 0 0 0 18446744073709551615 100 0 0
899101000000100077 900000000000026 123 0 18446744073709551615 100 0 0 0 18446744073709551615 100 0 0
899101000000100078 900000000000076 124 0 18446744073709551615 100 0 0 0 18446744073709551615 100 0 0
899101000000100079 900000000000098 111 0 18446744073709551615 100 0 0 0 18446744073709551615 100 0 0
899101000000100080 900000000000017 119 0 11076682 109 0 0 0 18446744073709551615 100 0 0
899101000000100081 900000000000012 122 0 18446744073709551615 100 0 0 0 18446744073709551615 100 0 0
899101000000100082 900000000000058 108 0 9132845 79 0 0 0 18446744073709551615 100 0 0
899101000000100083 900000000000072 125 0 18446744073709551615 100 0 0 0 18446744073709551615 100 0 0
899101000000100084 900000000000096 119 0 18446744073709551615 100 0 0 0 18446744073709551615 100 0 0
899101000000100085 900000000000077 121 0 9385545 112 0 0 0 18446744073709551615 100 0 0
899101000000100086 900000000000029 115 0 18446744073709551615 100 0 0 0 18446744073709551615 100 0 0
899101000000100087 900000000000081 123 0 18446744073709551615 100 0 0 0 18446744073709551615 100 0 0
899101000000100088 900000000000041 115 0 18446744073709551615 100 0 0 0 18446744073709551615 100 0 0
899101000000100089 900000000000070 124 0 18446744073709551615 100 0 0 0 18446744073709551615 100 0 0
899101000000100090 900000000000068 104 0 18446744073709551615 100 0 0 0 18446744073709551615 100 0 0
899101000000100091 900000000000007 117 0 18446744073709551615 100 0 0 0 18446744073709551615 100 0 0
899101000000100092 900000000000089 114 0 18446744073709551615 100 0 0 0 308546580 0 0 0
899101000000100093 900000000000044 108 0 18446744073709551615 100 0 0 0 18446744073709551615 100 0 0
899101000000100094 900000000000094 103 0 18446744073709551615 100 0 0 0 284579575 0 0 0
899101000000100095 900000000000002 100 0 18446744073709551615 100 0 0 0 188793480 0 0 0
899101000000100096 900000000000073 109 0 18446744073709551615 100 0 0 0 18446744073709551615 100 0 0
899101000000100097 900000000000039 114 0 18446744073709551615 100 0 0 0 18446744073709551615 100 0 0
899101000000100098 900000000000014 120 0 18446744073709551615 100 0 0 0 18446744073709551615 100 0 0
899101000000100099 900000000000023 101 0 18446744073709551615 100 0 0 0 18446744073709551615 100 0 0
